
14486 14511,
4464 13538,
3117 13046,
3289 13091,
1714 12013,
7422 13839,
3327 13424,
8741 13680,
3139 12874,
5237 12477,
3563 13326,
3374 9260,
3873 13201,
4324 11826,
6543 13819,
3688 13068,
1096 9226,
3560 10911,
14340 14391,
11228 6173,
6843 13208,
7976 6802,
13248 4238,
14005 10629,
12949 5200,
8977 1253,
4830 8371,
10374 5930,
11149 11896,
13359 4046,
4845 1087,
12916 13850,
1272 8027,
11941 13144,
8770 1278,
14340 14391,
9226 9262,
12080 11529,
8189 8272,
11236 3618,
14185 14108,
11629 7993,
13333 9273